0
2
fidInQuestion261007
260217
657
262044
259929
261992
715
260185
261045
1139
261191
260234
607
262104
259903
261975
882
260285
260929
980
261094
260295
713
31
259911
261905
871
260394
261009
1267
1551
275
1280
261715
260917
261540
261087
260223
715
715
261331
260185
260185
260185
260185
260185
1065
261045
261045
261045
261045
261045
261435
1139
1139
1139
1139
1139
261200
261191
261191
261191
2008
825
259555
260806
454
260324
260564
1246
261204
261652
1550
392
260078
261627
1214
261403
259840
1691
260830
260072
1023
1270
261638
261651
2753
76
260049
262107
261627
260775
535
743
260712
1091
1285
260397
259434
1181
628
64
2240
443
257632
261337
2380
259609
259352
341
259493
259660
274
108
260169
261354
261209
259512
259184
388
261315
260513
261853
24
261345
1830
3121
261642
259352
261774
261203
260888
260383
259758
260300
261918
1313
260497
260231
2618
2342
261306
1201
524
259432
260806
2417
341
1166
2913
261655
261735
523
261643
258646
260624
390
258996
259313
1506
260854
258813
2119
3550
261061
158
1572
261895
259418
260066
259866
261158
2144
874
259027
260661
261629
258383
258172
260698
260686
259786
261467
1540
261668
260297
560
261180
259874
572
1226
1243
1493
260408
259462
260583
304
260372
259138
261787
139
259680
259752
695
260326
1226
2653
261376
259909
260616
260211
259914
576
946
260199
858
822
260961
260022
961
261361
258230
261010
432
259928
259334
261764
260272
258028
420
1365
260950
261872
2030
259910
260729
2856
261698
260770
1705
260875
258228
261249
738
259455
259163
261448
261180
260169
249
1933
259793
260731
1037
261725
260406
133
260396
260057
939
1023
260668
476
2691
647
262080
727
260378
260863
648
835
260263
260843
779
259820
261098
1903
262141
260556
668
1502
155
828
1253
260110
261884
2109
261679
259105
261636
260472
258857
302
313
259232
260100
261351
261910
259067
262139
637
600
1961
2632
261860
261154
904
288
260676
183
2078
260426
260929
646
260190
261095
1065
1784
306
996
261514
258324
260389
2679
861
597
2305
262062
259287
23
711
261262
260885
2096
261065
261914
262057
261842
260071
260880
72
260181
260543
2714
261652
259801
448
261160
260163
261955
261625
258930
260519
1985
261210
260536
1458
1563
259776
261515
261572
258754
260485
909
258991
259630
885
1000
259957
720
261667
259002
920
893
259189
258469
260744
261668
261230
284
261864
260622
260379
365
261615
260831
261963
261856
260283
260500
260874
259397
262011
2396
262101
260621
2243
261757
259246
107
925
258937
260883
1886
260857
257662
259419
259656
258530
260806
2477
1181
2211
261958
259461
260304
907
426
258642
261791
1198
260993
260525
260741
260532
260981
261817
261637
260040
1162
2209
260598
261741
2211
1431
260303
261085
260613
260146
252
31
258851
258526
261125
261519
259948
262072
261207
257781
260954
1643
122
261634
1319
261150
260459
1706
262039
258902
261056
433
260859
261936
412
259482
260059
567
1589
259606
581
2434
797
261303
260611
260626
260247
262070
261818
260316
261742
30
261039
261901
261755
261989
260528
261564
261472
259167
261992
1567
327
259862
261211
260974
260327
1156
1983
260400
261730
2761
261270
261291
2514
460
260483
261610
1312
261353
2099
2906
261334
261810
1263
260931
260596
2869
261719
258091
157
1551
260275
259180
817
261486
259051
2
260693
258414
262071
1383
259796
260293
1692
261974
260690
1985
956
259407
261253
262031
260398
261467
2441
2093
260837
261695
261286
259478
259648
89
260700
259621
964
262061
258190
261445
56
259495
261215
1646
260082
259573
3329
2908
259927
260868
835
260070
261298
2698
268
261171
2166
260887
259272
260998
395
260741
260490
261494
259598
260034
261276
261125
259149
313
471
259941
261037
675
259446
258248
261340
260610
259766
262000
2034
261371
337
2361
139
454
3236
2861
261708
261601
10
259560
259604
18
260051
259729
260467
260790
261594
773
261624
259686
259223
782
261565
261948
1763
197
258639
261416
1803
261529
261430
1319
260451
260063
261856
261288
260309
261571
799
261670
534
1442
261854
259744
261821
349
261417
1432
1736
260881
260890
2010
261797
260215
469
49
259743
259504
261155
258978
257766
261016
259849
258991
260461
261779
260887
237
1882
270
260704
261610
261947
261457
2575
30
259267
261260
261163
260539
261714
118
259953
259222
260138
260622
260198
768
118
259483
260997
2012
261018
259604
261316
612
261113
381
1357
261016
261530
637
261512
259692
261520
1657
260793
261561
480
259335
259779
1962
261015
259173
261896
261857
259358
260965
261741
260492
260783
1256
1258
320
1580
1550
259694
261331
1394
261774
346
41
259044
256538
261106
2388
260871
261415
1359
261928
965
2248
261007
259433
260455
262075
259703
261581
1697
260354
261687
1882
22
261554
2747
3516
261320
260062
281
261216
261898
1013
260536
259002
56
2648
165
260839
1553
261669
259292
845
20
261979
1745
261383
259599
261879
2370
261260
260090
3174
130
259892
261655
571
260770
262094
1941
265
262007
516
676
261791
925
817
260423
260352
260885
260027
260293
261444
260233
258661
37
262083
257921
259055
262006
260812
495
2288
1991
261599
802
131
259412
259688
945
261100
260541
1078
1503
261116
180
1095
260963
261616
2032
261182
260496
1487
260817
260220
262132
261809
257777
258522
261055
260791
260497
1580
248
260126
262097
261446
259541
260632
262127
260654
259674
2316
1244
261062
1433
2587
260843
261329
2270
261217
258513
261277
260439
260457
260155
260899
258988
259937
261178
260939
260108
261717
261829
258208
1230
1018
258746
258999
1308
1888
259338
1403
2843
262123
262081
261957
260073
262080
1631
261418
259453
752
959
259405
411
792
259127
258925
1090
261902
259871
1886
1994
261150
30
35
260051
260997
314
237
260215
262063
408
261639
635
1680
261705
259276
260902
258473
258806
927
2421
259803
261233
580
259719
259732
261452
260910
260147
386
1738
260196
262003
826
261743
716
1452
1204
261436
2128
166
260421
201
12
260034
260416
261569
259992
259232
261705
338
259016
260198
1697
261426
261355
531
147
260285
260772
193
262117
403
342
260634
260151
1672
2372
260672
261798
560
261908
401
814
261837
261045
826
303
259502
260789
259
262065
120
503
260948
260191
310
1814
261551
998
261835
259608
153
1803
261379
261683
1476
83
259979
261723
38
260738
260991
330
260535
260042
1622
1301
261355
735
261700
259078
261669
261743
258473
259778
1712
1534
260416
261825
261861
258168
259617
293
259193
258259
261535
829
259924
260628
481
261739
306
1933
261547
261325
837
261913
260072
1221
2301
260066
261669
1888
17
261193
950
760
261925
1957
2159
261451
607
1936
260798
261716
1876
261719
260583
280
2177
261682
260364
1382
261383
260776
1394
895
481
2612
2012
259239
258000
52
282
260886
1144
1353
259589
260011
261513
260544
404
1505
260430
259560
261921
261859
260789
617
2250
261073
261254
451
261862
259228
261191
1292
260111
261548
1140
260396
260081
988
261393
260111
262013
259871
259020
261128
1422
261982
260713
679
261537
260334
261021
261783
260465
1662
3868
262062
260155
29
260391
259531
260858
261534
259619
260625
1662
261176
261217
109
259186
260172
1073
387
259739
260936
1499
261700
260260
44
260905
260563
295
261700
259092
261350
362
260818
260755
262044
260560
260391
260877
259976
257685
261949
1625
260608
261673
1780
836
261092
261565
242
261801
261344
54
261976
262111
2019
262006
259345
261941
1107
258794
259805
1763
540
259346
261597
262020
260378
261875
261523
260394
260923
260520
260511
259760
211
202
260964
833
241
260141
261280
261938
258203
258057
210
201
258272
260350
1307
260788
262132
707
259157
257652
261043
261096
260014
1176
261535
258527
260615
261865
261034
259344
261270
260526
259303
230
2571
260459
79
321
260192
259776
261193
750
259812
259708
356
261791
261377
1231
261513
258482
112
990
261166
294
261050
258478
260167
792
261211
259603
2459
2405
261883
1926
1727
260496
260538
2206
261578
261030
1968
222
260940
262019
868
261739
261057
2080
261519
260169
1253
946
261938
262140
261877
259413
261639
1142
260176
259976
312
261616
259199
259955
261070
258459
259912
354
261424
259658
261445
261709
260073
321
1742
261502
260884
187
261171
119
2735
1158
259248
261090
779
260668
259754
731
1225
259325
261214
261636
259363
261743
1611
261453
260646
2061
1255
260807
261922
261035
259307
260476
261620
259008
260432
2337
261135
258757
1821
459
260957
1127
1049
259128
258406
166
180
260245
262118
366
259895
261666
1608
261459
117
2658
292
258212
259181
260820
260134
261228
610
260056
879
1394
261425
259129
261270
594
259356
260232
2379
1730
260727
869
261146
259057
260182
262010
259856
243
2157
261
261706
776
261672
259629
261265
260632
256817
258666
2699
2108
261934
1652
1732
261252
261227
1553
261172
151
26
258243
259905
441
261668
259528
261516
833
76
447
1662
259856
260368
2164
348
257939
259692
262050
260056
261015
1595
118
259774
1670
638
259873
261050
87
258731
262026
2465
261126
258814
1689
261712
259587
1288
1744
260414
258554
260926
261447
209
4078
2798
260324
140
2108
261004
260365
985
260800
259754
2366
1302
260127
261736
1341
260344
260538
137
260467
259263
31
262045
260416
98
1290
261665
144
1301
778
260801
261623
261481
259509
261372
132
261177
258102
259668
260375
258943
260390
260481
258172
259505
732
261227
259714
260218
259450
259284
260825
261473
260812
979
2118
686
973
2542
610
375
1442
1370
259941
261604
1388
262072
228
504
650
169
929
261664
258516
259689
261749
260433
261297
1609
467
261375
1160
1430
261091
261237
269
260731
260678
261934
259973
259735
558
560
260095
259588
763
261127
258069
262046
525
259881
261467
1108
261429
260678
130
261926
260915
261982
260344
260272
498
631
261284
159
145
259434
260594
1843
261108
259742
1634
483
259607
261445
2689
57
260834
2286
1603
261686
87
261277
258753
260486
261729
259431
259298
686
261186
259149
261685
1373
259888
258786
1463
1143
260677
1895
1213
261048
637
2594
261277
261698
406
261377
260455
2304
1937
1028
842
937
260924
260164
208
259533
259809
952
261547
260431
261536
1825
260689
260835
2449
1147
260951
720
261729
260145
261046
1878
261045
259169
260809
259790
258896
66
1211
260108
260806
1004
259318
261139
2969
1425
260094
1148
1641
259626
261013
2538
261408
260959
1232
261935
261544
1564
261250
258023
261899
261750
258760
259545
261487
261686
259900
1920
2620
260688
448
611
260959
260659
1095
554
261612
2353
2553
260145
260771
2735
261164
259399
261982
261351
259363
1197
3843
663
279
1919
261542
259925
261996
7
260088
260313
259717
258408
260928
635
260408
260628
1052
260992
259827
261528
261947
260793
1185
2520
261462
259610
2124
261825
258318
262077
644
260824
1201
1698
260155
260396
262044
259737
259257
260001
103
261433
261403
260692
258663
260042
327
261130
258360
261446
715
260801
262090
262061
260161
259931
1116
261838
262049
3687
1452
260104
260646
265
261601
259621
1925
1184
259845
261511
105
257869
259297
1347
1007
1141
1766
262031
261055
211
437
259332
260808
235
260581
259556
1567
878
260380
259825
260512
258753
259882
261451
260320
260154
261896
1246
260822
261287
732
259746
259930
261542
259936
260753
1043
262100
261427
261710
36
258841
261993
2559
536
261223
262008
260838
260754
575
2547
260162
259922
456
260762
259437
261131
261267
260838
2794
2753
59
630
1722
260134
260304
1257
374
259398
261832
2000
261160
259951
260931
259597
259113
261284
261076
259036
1130
2462
261590
300
2112
261691
260131
2279
1283
260153
261395
261913
259299
261785
2037
35
261055
2039
3367
261623
261921
473
259460
259576
261891
261345
260057
693
641
261650
2498
3769
261893
259303
261560
259537
257940
260328
261117
260249
1591
1750
456
261947
725
261936
259783
261181
261100
259305
261055
2313
261178
260674
771
261749
260433
1124
676
258749
259635
419
261143
261061
261263
259782
257208
856
1252
261452
260442
147
260683
259355
1704
1584
261373
721
383
260037
261425
2871
261719
259469
261590
260509
259150
515
1944
260472
260437
1335
260824
259528
109
624
261771
1192
529
259268
259531
444
260623
260636
1166
535
260579
261299
500
259507
411
464
260406
259079
1212
486
260790
261693
879
261173
261189
234
260759
260678
1244
262045
259893
279
1253
260557
261643
1204
260916
260600
2712
1195
258762
260922
262004
261378
178
1360
261629
260704
946
261122
260759
2167
1984
261646
260073
566
261303
259935
261786
260495
259390
261720
662
259991
259843
1535
260280
258837
922
262053
259365
260771
262028
259787
260298
2986
1407
260300
1513
224
258722
261030
1187
260140
260300
450
517
259942
359
1182
261848
262008
763
261343
261450
261425
258433
259989
2214
378
259894
261858
1591
259859
258955
1297
578
260185
261787
69
259391
259865
470
259090
260698
261293
259725
260647
959
664
260101
261042
2648
977
262029
52
520
290
639
259690
257805
657
1504
261320
261109
260970
258496
257681
689
1063
260443
79
287
260785
261232
542
259904
257637
335
2188
1133
548
1015
260711
261103
270
261831
260000
514
2045
261815
260044
91
260679
261516
2041
295
259702
262071
669
258217
258931
260090
258561
260857
2107
261350
258275
1283
1993
261039
260806
675
260324
259291
260894
261392
260932
1070
261269
258411
259825
358
261901
261161
1358
874
259387
368
1389
262004
1525
1746
261181
259669
618
260631
259926
1124
716
259956
465
1481
259520
259234
323
261552
259344
261065
260825
258389
259337
261554
261678
258516
1069
2414
260991
34
261354
258129
260498
470
260597
260039
897
1529
259889
262056
1206
261424
1737
1005
260936
260593
2963
2865
260112
259023
260960
259262
763
2940
260425
261683
1041
111
259748
56
261926
258399
259875
1041
800
260781
261544
261051
259536
1214
1063
258766
261292
1680
50
42
437
261721
259257
260505
673
260574
261071
843
261246
259681
721
261209
261586
910
2150
259728
259683
1599
260324
259542
1954
238
260965
809
759
259950
126
4375
269
258595
438
261155
259849
674
2201
260693
261286
2296
1267
259930
2698
3487
745
1019
200
260605
261682
1776
261957
260163
43
262113
259493
260857
2837
1746
650
1072
261314
260617
261833
260932
258356
261729
356
259918
261029
1573
840
261834
1303
934
259630
259546
261817
259818
259259
2206
455
259333
261372
2119
984
1036
2144
260522
260742
1040
260499
258717
260767
33
260062
261733
602
260400
261374
2233
261802
260352
2031
2044
261073
314
2371
261334
260769
262070
259826
258879
259909
259764
257215
258672
229
262031
260382
1828
260494
259674
684
897
261571
930
2082
260548
260138
261273
260167
259447
261841
261427
259357
259701
260919
259242
259143
261148
262008
260740
261246
261606
260440
261261
34
260078
258366
261444
624
260842
1711
2608
260151
261161
398
259844
259756
2608
262107
259102
260578
260491
259426
260846
1241
258764
259835
2432
1050
260571
103
117
262032
2015
3235
268
260810
1447
599
259632
260354
261214
260048
258867
36
261016
260826
2722
1468
259862
260716
1063
260983
259908
1367
916
261869
1005
261879
260781
260124
260662
257798
259372
261968
261493
259357
223
261147
260001
1113
1969
260104
259192
261471
261671
260175
260636
261138
259769
1074
2916
260802
261021
1576
155
262120
1803
2087
260384
260576
261270
260296
259220
1003
261379
260002
469
261733
258739
261334
130
257926
261183
2802
469
260973
1451
2516
260679
260471
260590
259247
260742
262078
261351
259286
260884
260925
259723
260782
220
260684
261008
337
261330
258060
262096
1964
260664
615
2522
565
261116
945
261467
260424
186
933
259849
261418
2763
261187
259240
273
260762
259551
211
1737
260392
259779
2003
259876
258504
890
811
258184
713
2641
260106
261332
2153
261181
262091
2085
260740
260701
2605
139
259550
260999
188
260105
259793
215
261687
259263
260860
261693
260664
261030
514
66
237
701
260194
257464
261164
2888
354
261076
262116
260457
260805
1847
622
260476
1799
258
261002
261959
1490
260394
259828
22
259491
257733
261806
1488
251
262056
2817
260455
257966
971
411
260400
1774
2177
260852
244
1216
262022
262123
1103
259719
259025
260960
260288
259272
260484
463
261051
261634
973
261353
259109
261013
261784
260054
952
2757
261490
261088
2120
1298
260337
260962
261970
259751
258802
262029
260811
260157
2821
357
260047
262042
478
259996
260377
1858
261551
260722
1272
680
259689
260567
261337
258000
259165
1958
261553
258645
261632
261102
260203
261624
120
259893
261127
1766
262131
259610
261884
262135
259663
1364
1408
258645
258566
262129
261508
260493
225
260679
259233
1089
1773
384
217
1573
261601
259801
373
986
261128
261215
90
261087
261992
967
261239
260774
266
428
261363
629
676
260404
260295
261093
261156
260288
261720
260701
258364
261185
1236
260984
260609
261356
260839
259034
262102
1853
260062
261254
2550
259808
259355
260799
259912
260617
481
1319
260171
261596
238
259307
260818
2750
528
259493
261184
261769
260895
261637
2411
329
261064
1905
1693
260535
262125
378
259358
260910
94
260333
260858
1925
1827
259637
261375
504
260182
25
1958
261565
260547
1525
824
261780
261700
252
259118
260669
2113
105
261418
1258
315
259486
1105
670
260260
260874
876
260887
260957
946
775
261288
325
428
259371
260703
572
261965
259921
2269
2405
260961
261646
150
259677
260834
164
260553
260234
1026
261507
260651
1541
3050
261619
261272
1158
259516
257798
675
1090
261606
1796
2445
260228
259702
906
260644
259970
134
261705
260192
1246
254
258650
259036
261446
259134
259448
2763
72
259206
994
1574
258725
259308
261178
260803
261001
92
261821
260851
185
552
259022
260265
1538
1036
260500
3
261942
259453
261565
801
261672
261138
1175
261040
257761
260433
652
260264
259610
262045
260464
260984
1374
261728
260757
2029
924
261072
1250
131
260427
261261
2450
260769
259278
1395
294
259619
261609
1576
260516
259598
1352
261786
261956
1875
1426
258426
258267
261339
258265
258781
261723
260521
260310
521
370
259559
261835
11
257736
259515
613
259717
258810
70
417
258071
260912
2514
260394
260651
1342
448
880
559
259778
259972
261191
1374
261179
261114
909
475
261458
1386
120
260172
47
749
260618
433
1275
1551
260677
281
2061
261866
62
1189
260095
258442
1461
231
261787
1267
131
261161
467
1165
261673
260339
2035
574
261646
1167
439
259843
260956
702
260918
261363
1032
261897
260071
261187
261529
260022
260904
1294
261275
258524
261823
260519
258933
261430
547
259402
261011
261554
257568
257560
259204
260760
258360
260851
261676
259157
262063
518
260857
260917
2224
2136
261872
1173
3417
261649
261879
1559
261585
261087
537
261951
258634
261664
1254
261241
261293
1337
261041
260210
2180
261861
260934
1652
287
258857
261662
1640
260423
261613
3237
1795
261656
2027
1009
261046
260946
262138
260377
259484
261632
262015
259196
259996
261761
259785
260280
2785
261837
259861
261753
1297
259207
260766
2182
261312
259925
1465
261912
260536
261613
261200
261818
546
199
259099
257845
259756
258361
259386
318
1310
260612
261
1388
261260
261256
1616
260910
261131
284
261870
259694
865
1122
259760
259829
1791
261854
259960
1043
262000
259351
671
1435
260736
258717
261366
261463
259699
261668
261354
259264
633
1077
260883
260587
2023
262085
258730
260184
1160
261078
261755
1898
261617
261452
1172
152
260385
1871
1539
259675
260798
2686
261501
261268
2292
261580
261955
1434
1540
259752
274
1818
261139
260595
1989
962
440
2565
1768
260426
261617
735
259490
258369
262010
260629
258865
259341
260411
259349
261426
261389
260113
622
2932
261231
261515
1915
1339
260180
259799
261998
259309
260664
2692
261597
259032
410
261862
259195
261513
1106
261451
259872
965
710
260426
32
261768
261762
262041
2476
259492
259096
260779
261119
259351
261752
552
260140
259367
455
261300
261819
1800
978
259164
1366
3315
261147
260526
1056
261026
259464
261147
260531
258166
1457
1089
260034
1034
829
261008
259798
260674
259783
257745
261149
121
258802
259093
219
261669
259380
261387
261649
259098
260698
559
258877
260746
1390
259817
257981
1369
696
259610
50
1184
260182
260033
261846
260869
261520
2909
1797
120
2296
1433
260473
261771
1945
261010
259163
173
261072
257427
261401
590
258918
259963
433
260510
259765
261497
260720
260545
260977
261839
259843
259922
1470
261978
260527
850
2076
261638
1427
1792
95
261281
261793
260622
260204
1041
68
261194
137
1101
260101
260509
703
169
261196
184
262071
259619
259776
199
261462
260952
2019
1815
261611
262103
360
260422
196
1638
259366
259824
1860
260461
259557
261922
261145
259297
261010
261734
259352
260443
2446
932
260593
261998
261998
259041
383
1699
261870
261293
1922
262078
260497
261815
53
260659
78
2244
260987
261510
2151
261671
258605
260279
261857
260094
261365
130
260745
260808
1145
181
260187
1490
2594
260391
261041
982
260968
260885
2013
1287
260586
1342
1100
261835
2056
945
259428
259684
1400
262047
258922
261649
261297
260176
260400
261607
260148
260224
695
261236
259140
494
898
261596
222
2783
260969
261389
1672
657
260459
261359
261936
257243
259833
687
679
261204
564
236
259605
261531
261357
257913
259104
1532
261573
260611
79
261571
260383
663
261801
261317
223
261806
261149
2248
2692
260771
259817
261694
262025
261242
261600
1603
260886
260944
1815
262125
260268
262025
1650
259132
259468
1315
418
259918
261281
261626
260757
25
1850
259879
258767
261817
259984
261627
261260
260013
259003
333
1390
259117
261514
2343
224
1
1884
261794
260421
261773
2382
261420
261799
843
259963
260076
3570
2271
259857
261535
1591
1745
1684
1673
260460
259681
1800
1016
261001
1111
2360
260837
259137
1056
577
262026
29
260449
261059
1893
1024
259187
261094
1870
261027
260332
1380
1116
259026
260233
888
261572
261111
261392
260838
260239
260519
259800
259072
261594
1561
259380
260414
685
285
260294
539
641
261113
88
261114
258546
260849
1585
261017
261649
1813
261371
258525
260114
261753
261078
261891
2620
435
258960
261928
2095
260176
261060
262037
259535
258742
261885
341
260824
1138
261654
259490
260384
262090
261121
260073
261422
259984
260057
1259
1281
464
826
1250
260397
529
288
260264
258532
261695
1853
260063
260611
3035
261343
259709
1361
260888
257647
260352
479
260181
261855
1479
259801
259779
527
260947
259460
261275
1165
261931
261937
653
260470
260424
261650
262087
258537
935
2358
261568
261381
2164
1151
261464
1087
1296
1159
2879
1240
260918
260990
810
261686
260976
3234
939
259157
291
515
258416
258684
251
261656
258779
56
260568
260584
736
2743
259891
259258
337
259952
259817
233
260871
260529
261683
1224
261116
261670
262035
259771
259756
261192
261824
260702
260264
261340
260581
261658
261744
204
261606
1808
1345
376
580
260868
260065
260061
261893
261010
261794
3351
1318
259391
261016
365
260184
262097
1051
260594
259272
634
1250
259518
260522
1973
260505
260100
261828
260016
259649
261278
259426
258715
261305
782
260723
261907
2264
261339
259894
1509
139
261010
2527
507
258385
258924
1845
1252
260574
384
261022
260057
261152
261870
259717
254
2183
203
260607
1630
1360
260452
261306
620
259731
260852
261530
260593
259770
261550
261791
258974
996
2070
259750
260765
393
261169
259969
270
774
259698
260076
252
260848
261228
924
260876
260346
946
1509
284
1088
934
261229
261113
647
261231
259829
871
1913
261621
969
2683
261013
258992
260814
292
261185
1179
286
259456
260600
260505
257542
261264
2771
260569
258346
260682
260420
261059
1234
3208
32
260480
1587
661
260172
260946
261473
259496
260969
261904
259887
261068
517
260731
259412
261242
261870
258743
261490
931
260724
259705
1215
1987
261769
260505
261036
260472
260660
412
260842
261431
1288
235
260672
261920
1519
260784
261543
1611
259629
369
1966
261073
260175
1170
2552
259677
259235
970
261549
259915
442
1264
123
697
261640
259128
479
3335
1546
261587
1303
261568
259155
1072
661
260504
261917
2117
87
259441
261525
288
259463
261223
262038
260257
261616
2773
261498
260227
877
261984
259243
261430
306
259481
261009
1060
260704
260450
429
262084
259675
261015
296
261687
259350
260923
260901
259694
261183
260261
259028
259448
167
259571
260713
205
259180
259879
1983
978
260003
826
441
258243
260231
1187
260919
259627
259
1241
260235
540
2280
540
207
262067
258630
259844
261984
260836
259176
260682
261240
258503
260818
1641
260429
259395
261132
260709
258740
259895
260255
258185
259460
262014
212
261514
515
37
259392
25
1449
261636
261236
108
261971
260723
1632
260875
260349
1953
1551
260582
259963
1150
1203
259261
262114
260640
260185
1425
2311
569
946
2354
261605
260934
324
460
259668
260310
763
261266
260582
873
524
261133
1557
1885
259885
261863
1368
259878
260173
262116
261963
38
1756
262068
260466
1348
2060
260101
258699
261754
261346
260021
353
954
260277
262000
1394
261726
261130
261551
259998
259078
775
1369
259322
260393
1431
261112
261389
2176
1052
259389
261350
261306
257481
261902
3677
386
261049
1567
261613
258274
261708
865
260777
260377
261140
257336
260280
1859
1351
259542
259791
261023
260763
1147
2326
262139
259545
260825
19
261019
261426
1362
260163
828
1434
259986
258309
261587
259726
257368
260646
261745
260680
261744
2014
262141
261520
560
260611
259160
251
261045
259335
261710
799
259818
260971
1851
681
259263
2362
2145
260067
259867
2023
261175
260803
406
261493
259323
261737
866
260171
260816
261300
259938
260313
282
261928
45
300
261456
259857
28
1687
261524
261005
1989
1268
260661
1214
2716
259310
258743
267
261079
259951
2297
2756
260241
261599
1595
625
1323
2625
105
259216
261491
262011
261118
261709
1607
260715
258920
261638
260715
261562
1977
873
259781
262090
261170
260916
260507
157
